# Simple Text Format
# Sampling Rate (Hz):= 50.00
# Labels:= PPG
0.749168
0.752525
0.755589
0.757662
0.759175
0.760180
0.760525
0.760250
0.759953
0.759326
0.758743
0.757662
0.756327
0.754726
0.753013
0.750762
0.748591
0.746692
0.746934
0.751703
0.760903
0.772029
0.782850
0.792774
0.800744
0.807242
0.811981
0.815308
0.816752
0.817326
0.818095
0.818687
0.819795
0.821455
0.822838
0.824086
0.824741
0.824662
0.824385
0.823271
0.821872
0.819957
0.817354
0.814905
0.812098
0.809352
0.806291
0.803196
0.799884
0.796409
0.792827
0.789488
0.785797
0.782740
0.782546
0.787053
0.794586
0.802539
0.810241
0.816681
0.821280
0.824269
0.826143
0.826414
0.825311
0.824141
0.822733
0.821758
0.821318
0.821318
0.821298
0.820933
0.820125
0.818440
0.816579
0.813837
0.810754
0.807487
0.803749
0.799677
0.795648
0.791630
0.787455
0.783455
0.779233
0.775116
0.770611
0.766152
0.761330
0.757559
0.756405
0.759130
0.764032
0.768895
0.773289
0.776867
0.778975
0.779453
0.778988
0.777283
0.774513
0.771412
0.768898
0.767108
0.765876
0.764691
0.763722
0.762441
0.760412
0.757867
0.754982
0.751408
0.747385
0.743274
0.739127
0.735065
0.730783
0.726355
0.721695
0.717174
0.712749
0.707762
0.703353
0.699558
0.698129
0.699513
0.702338
0.705108
0.707387
0.709044
0.709444
0.708892
0.707217
0.704468
0.701065
0.697698
0.694201
0.691897
0.689544
0.687356
0.685012
0.682450
0.679454
0.676307
0.672808
0.668922
0.664811
0.660433
0.656010
0.651636
0.647503
0.642930
0.638223
0.633484
0.628634
0.624308
0.619877
0.616020
0.614549
0.616219
0.619121
0.622190
0.624609
0.626575
0.627192
0.626927
0.625517
0.623338
0.620275
0.617377
0.614721
0.612397
0.610668
0.608984
0.607163
0.605505
0.603173
0.600432
0.597384
0.593656
0.589852
0.585755
0.581673
0.577754
0.573363
0.568779
0.564385
0.560254
0.555921
0.551614
0.547343
0.543981
0.543422
0.544686
0.547062
0.549471
0.550962
0.551604
0.551206
0.550115
0.548080
0.545384
0.542477
0.539575
0.536986
0.534478
0.532716
0.530973
0.529199
0.526905
0.524517
0.521631
0.518624
0.515304
0.512218
0.508614
0.504846
0.500983
0.496989
0.493090
0.489033
0.484697
0.480785
0.476748
0.473824
0.473531
0.475179
0.476592
0.478079
0.478947
0.479010
0.478517
0.477077
0.475011
0.471989
0.468922
0.465577
0.462920
0.460422
0.458701
0.457343
0.455710
0.453705
0.451604
0.449217
0.445941
0.442769
0.439539
0.436330
0.432980
0.429533
0.426214
0.422453
0.419148
0.415324
0.411710
0.408640
0.406768
0.407659
0.409639
0.411930
0.413925
0.415185
0.415407
0.414612
0.413552
0.411575
0.408889
0.406262
0.404138
0.402212
0.401131
0.399890
0.398998
0.397983
0.396487
0.394905
0.392999
0.390805
0.388458
0.385800
0.383220
0.380215
0.377348
0.374313
0.371399
0.368402
0.365380
0.362227
0.360446
0.360996
0.363019
0.365758
0.367680
0.369388
0.370189
0.370514
0.369831
0.368872
0.366980
0.364819
0.363336
0.361687
0.360856
0.359909
0.359328
0.358877
0.357807
0.357119
0.355411
0.353775
0.351707
0.349405
0.346948
0.344730
0.342188
0.339722
0.337234
0.334393
0.331777
0.329753
0.329585
0.331340
0.334305
0.337092
0.339697
0.341594
0.342951
0.343117
0.342616
0.341006
0.339194
0.337618
0.336543
0.335943
0.335323
0.334855
0.334681
0.334212
0.333598
0.332818
0.331541
0.330339
0.328721
0.327235
0.325251
0.323353
0.321237
0.318892
0.316592
0.314212
0.312677
0.312678
0.314793
0.317879
0.321097
0.324141
0.326280
0.328040
0.328899
0.328859
0.328198
0.326974
0.325994
0.325354
0.325434
0.325915
0.326440
0.327106
0.327609
0.327521
0.327549
0.326924
0.326189
0.325054
0.324057
0.322652
0.321337
0.319821
0.318305
0.316778
0.316246
0.317464
0.321026
0.325820
0.330426
0.334566
0.338213
0.340897
0.342727
0.343684
0.343720
0.343520
0.343352
0.343857
0.344824
0.346312
0.348045
0.349538
0.350700
0.351312
0.352014
0.351915
0.351698
0.351540
0.350528
0.349900
0.349165
0.348022
0.347174
0.346212
0.346121
0.348915
0.354280
0.361098
0.367917
0.373869
0.379129
0.383773
0.386781
0.389374
0.390603
0.391854
0.393294
0.394734
0.396826
0.399315
0.401618
0.403870
0.405704
0.407071
0.408333
0.409151
0.409458
0.409521
0.409256
0.409198
0.408680
0.408583
0.407612
0.407049
0.406457
0.407344
0.410752
0.416766
0.423737
0.430688
0.436907
0.442206
0.446460
0.449694
0.452145
0.454068
0.454978
0.456560
0.458577
0.461125
0.463331
0.466075
0.468125
0.469923
0.470860
0.471485
0.471638
0.471590
0.471061
0.470797
0.470247
0.469625
0.468804
0.468549
0.467871
0.466433
0.465600
0.464950
0.466627
0.471371
0.477633
0.484237
0.489809
0.494794
0.499066
0.502050
0.504185
0.504889
0.505381
0.505891
0.506877
0.508178
0.509417
0.510837
0.512000
0.512728
0.512858
0.512535
0.511921
0.511014
0.509644
0.508309
0.506790
0.505207
0.503826
0.502246
0.500750
0.498748
0.496967
0.494981
0.492621
0.490276
0.488515
0.488695
0.491570
0.495999
0.500784
0.504813
0.508114
0.510589
0.512051
0.512488
0.512231
0.511082
0.510206
0.510015
0.509955
0.510257
0.510868
0.510909
0.510765
0.510292
0.509583
0.508084
0.506236
0.504583
0.502425
0.500609
0.498509
0.496317
0.494071
0.491574
0.489303
0.486851
0.484215
0.481699
0.478652
0.475707
0.473804
0.474058
0.476441
0.479684
0.483253
0.486372
0.488824
0.489894
0.490483
0.490176
0.489476
0.488028
0.487052
0.486251
0.485825
0.485778
0.485802
0.485653
0.484966
0.484288
0.482823
0.481251
0.478952
0.476480
0.474359
0.471593
0.469288
0.466586
0.464237
0.461481
0.458806
0.455768
0.452645
0.449745
0.446514
0.443789
0.442751
0.444248
0.446975
0.449712
0.452264
0.454126
0.455271
0.455622
0.455166
0.454138
0.452468
0.450881
0.450101
0.449341
0.448738
0.448335
0.447556
0.446786
0.445613
0.443851
0.441970
0.439929
0.437466
0.434812
0.432148
0.429401
0.426948
0.424373
0.421593
0.418871
0.416035
0.412986
0.409829
0.407342
0.405985
0.406986
0.409258
0.411806
0.413960
0.415372
0.416400
0.416639
0.416199
0.415145
0.413099
0.411561
0.410040
0.408957
0.408199
0.407359
0.406627
0.405898
0.404494
0.402546
0.400893
0.398902
0.396483
0.394310
0.391736
0.389330
0.386341
0.383815
0.380937
0.378189
0.375503
0.372877
0.369916
0.368026
0.367973
0.370041
0.372157
0.374506
0.376168
0.377033
0.377295
0.376992
0.375856
0.374232
0.372683
0.370987
0.369918
0.368765
0.368190
0.367356
0.366694
0.365833
0.364283
0.362525
0.360586
0.358242
0.356069
0.353410
0.351078
0.348314
0.345842
0.343200
0.340490
0.337766
0.334856
0.332038
0.330484
0.330742
0.332912
0.334864
0.337030
0.338388
0.339217
0.339399
0.338780
0.337186
0.335599
0.333887
0.332337
0.331157
0.330423
0.329477
0.329529
0.329046
0.328164
0.326993
0.325348
0.323409
0.321212
0.319178
0.316831
0.314680
0.312416
0.309849
0.307279
0.304725
0.302015
0.299693
0.298362
0.299248
0.301752
0.304170
0.306306
0.308344
0.309106
0.309360
0.309167
0.308100
0.306715
0.305376
0.303809
0.302783
0.302176
0.301880
0.301642
0.301182
0.300786
0.299589
0.298468
0.296960
0.294956
0.293099
0.290870
0.288899
0.286555
0.284690
0.282381
0.280149
0.277738
0.276542
0.277065
0.279542
0.282047
0.284796
0.287231
0.288753
0.290285
0.290362
0.290331
0.289229
0.288486
0.287363
0.286983
0.287180
0.287476
0.287441
0.287553
0.287846
0.287405
0.286927
0.285910
0.285049
0.283661
0.282112
0.280373
0.278517
0.276978
0.275261
0.273699
0.271914
0.271306
0.273071
0.276288
0.280064
0.283829
0.286923
0.289481
0.291194
0.292194
0.292848
0.292869
0.292803
0.292896
0.293531
0.294482
0.295804
0.296851
0.298191
0.299284
0.299824
0.300198
0.299974
0.299914
0.299250
0.298813
0.298144
0.297164
0.296286
0.295053
0.294184
0.294321
0.296697
0.300695
0.305915
0.310820
0.315490
0.319622
0.322624
0.324767
0.326450
0.327061
0.327362
0.328144
0.329364
0.330905
0.332961
0.334833
0.336895
0.338398
0.339526
0.340617
0.341416
0.341689
0.341790
0.341608
0.341341
0.341116
0.340150
0.340031
0.339192
0.339738
0.342123
0.346511
0.352165
0.357423
0.362641
0.366938
0.370723
0.373308
0.374721
0.375421
0.375973
0.376632
0.377645
0.379642
0.381592
0.383574
0.385840
0.387634
0.388868
0.389892
0.390010
0.390511
0.390446
0.389809
0.389393
0.389097
0.388462
0.387812
0.387625
0.389186
0.393529
0.399315
0.405496
0.411487
0.416084
0.420412
0.423244
0.425439
0.426755
0.427094
0.427749
0.428851
0.430288
0.432165
0.434217
0.436288
0.438129
0.439436
0.440354
0.440566
0.440469
0.440251
0.439605
0.439166
0.438399
0.437187
0.436225
0.435765
0.436947
0.441392
0.447582
0.454380
0.460974
0.466368
0.471354
0.474964
0.477763
0.479241
0.480130
0.480995
0.481998
0.483643
0.486015
0.488353
0.490438
0.492503
0.493897
0.494685
0.494991
0.495337
0.494901
0.494512
0.493884
0.493318
0.492511
0.491439
0.490279
0.489288
0.490641
0.495410
0.501733
0.508440
0.514851
0.520364
0.524795
0.527968
0.530277
0.531204
0.531346
0.531693
0.532503
0.533765
0.535668
0.537704
0.539244
0.540522
0.541108
0.541687
0.541617
0.541127
0.540047
0.538343
0.537187
0.535613
0.534053
0.531601
0.529781
0.527742
0.527432
0.529902
0.535297
0.541286
0.546896
0.551661
0.555496
0.558035
0.559774
0.560187
0.559713
0.558969
0.558378
0.558511
0.559135
0.559770
0.560414
0.560926
0.560727
0.559975
0.558842
0.556982
0.554958
0.552702
0.550422
0.547919
0.545103
0.541927
0.538854
0.535987
0.533564
0.533116
0.535998
0.540618
0.545419
0.549611
0.552675
0.554799
0.555659
0.555691
0.554710
0.553016
0.551634
0.550703
0.550069
0.549707
0.549565
0.549176
0.548596
0.547502
0.546044
0.544010
0.542041
0.539407
0.536904
0.533993
0.531155
0.528334
0.525374
0.522011
0.519111
0.516607
0.516594
0.519523
0.523247
0.527016
0.529999
0.532297
0.533928
0.534181
0.533583
0.531817
0.529766
0.527720
0.526528
0.525772
0.525355
0.524911
0.524280
0.523565
0.522238
0.520372
0.518217
0.515806